Individui:
5
6
7
9
8
9
12
11
18
11
11
10
13
16
19
19
23
25
35
25
32
27
37
30
46
39
45
30
31
29
27
32
32
39
34
29
34
31
34
36
33
31
29
34
31
42
37
36
45
48
64
45
60
50
67
58
66
68
72
72
79
75
80
67
69
73
65
56
61
52
53
60
65
70
71
73
65
69
77
75
67
77
77
73
84
74
87
95
90
97
98
92
103
93
97
100
95
114
108
121
121
124
125
123
132
138
150
163
152
139
145
138
144
153
155
139
132
133
140
148
152
149
146
170
143
154
143
156
151
148
143
145
126
152
134
143
131
138
134
135
137
133
134
139
136
136
122
120
136
120
122
111
115
130
120
120
122
139
129
136
130
146
132
135
138
155
142
162
138
134
122
120
110
127
109
115
111
119
113
105
107
101
106
105
101
104
92
89
94
90
89
102
96
94
82
74
72
79
74
76
77
82
76
78
76
81
81
93
81
83
73
80
82
75
89
71
72
67
71
74
74
77
78
78
81
